94798
77231
52942
32802
39703
64701
21013
53942
10169
31814
91062
73108
18986
96372
27360
11400
97423
3976
50755
34214
75554
84787
60277
22715
37114
38039
43748
19729
59947
14381
2307
37601
54062
52982
80610
72482
13755
15708
8115
72683
65953
66459
58711
60090
1947
54858
76015
71310
29742
70496
48990
39106
40538
25619
96063
51826
48179
31123
84495
73718
32222
21019
18138
19094
79831
64748
34713
78756
13364
24722
91379
46219
909
3208
62787
79794
9651
71707
64649
61450
20857
20783
29301
72102
98119
53583
9067
65835
74101
46034
48649
34648
97804
63621
78926
79139
68519
45948
63945
99150
52359
67656
7627
36268
94913
13041
5468
23895
36868
56882
9315
41781
635
3518
43113
36617
88914
20668
15267
66119
31345
5712
12424
14551
3823
13890
67863
12257
78966
65443
42464
79855
54659
30242
79255
95145
75775
1386
4181
7148
56729
59113
42660
26528
40378
45977
6553
94009
37410
29451
64480
83399
88614
93867
80204
36066
20611
71779
73221
13278
12054
74293
16692
94491
94099
91054
83768
61804
98433
49832
22079
95727
7985
50087
44648
20205
61207
77565
71900
62382
54510
66040
85009
85765
27635
79027
33833
83883
19685
69209
77403
86521
2221
85298
38212
77582
17804
62495
75014
62806
8228
77015
80288
20033
71116
6824
50262
73903
43796
37159
17707
67081
10011
79973
84104
96663
73127
50981
19009
93634
98633
45588
84034
17986
78287
94727
50005
15570
64584
92806
14152
93947
98993
99571
92548
89354
88397
23460
73282
56124
4263
6018
30539
20283
78185
92169
6618
22327
60788
65777
2247
13483
74724
2971
20786
17025
50329
21382
23737
25567
98409
56045
28096
39704
18678
6095
84621
38856
39958
98566
67140
21810
80982
74916
51721
88805
87631
38441
12856
23612
86536
37847
18040
27261
85891
59041
39225
50447
35235
78703
14960
93154
65333
76189
53640
16293
17440
92761
23160
56132
79611
11361
47557
85299
1299
5111
84574
83735
55430
32281
93428
68935
54547
65136
84596
44578
1857
41490
29669
76356
65375
57513
36021
76291
12003
52041
12387
16972
91537
61033
72945
37944
46218
95480
50744
73015
12248
8575
31676
58211
13372
32681
65969
41214
10402
97624
85802
65055
19810
44960
59719
25476
40037
19278
8666
47008
64961
54265
71452
65672
67464
15330
49062
86083
30500
33035
3805
91417
23243
68303
18628
14144
55354
95053
3514
39829
76933
22563
64134
13735
88314
61984
8591
48086
81753
53550
98737
47035
13746
59929
60230
93826
84939
75120
1770
74604
1670
3834
81192
82510
12888
22849
55230
25978
65862
99046
85915
12437
27396
33529
21951
20822
30466
67831
12525
25536
44838
33877
27761
40988
81264
66556
14246
17081
69358
88920
1079
54176
30873
82598
51864
94201
68356
86664
17399
66502
63369
10556
80778
67681
93134
64042
19265
85166
63730
86526
168
54926
51142
13681
45529
18025
12588
61069
32339
7628
41183
79195
36275
17471
3960
44433
42494
56957
21780
97971
73577
5215
30525
76402
38320
15936
25006
50146
8357
3258
75586
11912
82031
37773
45046
8034
52331
68224
10203
36837
2975
89353
18152
90772
90643
20222
7346
72182
65681
4997
67325
58198
1115
45460
41891
27343
50408
712
4498
80761
6871
16674
1670
66010
87987
90907
86039
74178
26318
5952
50651
44744
88304
69518
6127
83056
37472
99364
58605
92494
32675
28749
98593
4504
40449
40683
63585
13725
89301
59016
91307
94629
44576
35435
88400
83408
66003
17176
74738
90023
4004
84681
72374
83235
55667
29514
13226
22243
88318
74175
25223
26495
44374
27866
39089
66072
81411
6015
27383
9089
76273
35365
74433
53916
86592
81052
51213
23174
87708
55222
4893
27260
17576
56934
26227
47756
39391
42339
77824
46201
46670
61772
3695
17239
34089
82456
93191
25881
69270
64495
11382
48131
64490
9206
91385
49351
64779
63289
53048
9153
25779
23014
94970
26686
5684
98953
43038
22124
62308
41266
50321
56924
84470
38318
50082
35014
65779
20430
92401
977
31136
44200
17823
79061
25956
79708
9873
11903
60024
59308
58032
41276
11415
92209
55245
94566
37927
24177
18862
62183
88361
1717
89699
14633
48484
71510