94798
77231
64701
91062
73108
96372
97423
75554
84787
60277
59947
80610
72482
72683
65953
66459
60090
76015
71310
70496
96063
84495
73718
79831
64748
78756
91379
62787
79794
71707
64649
61450
72102
98119
65835
74101
97804
63621
78926
79139
68519
63945
99150
67656
94913
88914
66119
67863
78966
65443
79855
79255
95145
75775
59113
94009
64480
83399
88614
93867
80204
71779
73221
74293
94491
94099
91054
83768
61804
98433
95727
61207
77565
71900
62382
66040
85009
85765
79027
83883
69209
77403
86521
85298
77582
62495
75014
62806
77015
80288
71116
73903
67081
79973
84104
96663
73127
93634
98633
84034
78287
94727
64584
92806
93947
98993
99571
92548
89354
88397
73282
78185
92169
60788
65777
74724
98409
84621
98566
67140
80982
74916
88805
87631
86536
85891
78703
93154
65333
76189
92761
79611
85299
84574
83735
93428
68935
65136
84596
76356
65375
76291
91537
61033
72945
95480
73015
65969
97624
85802
65055
59719
64961
71452
65672
67464
86083
91417
68303
95053
76933
64134
88314
61984
81753
98737
59929
60230
93826
84939
75120
74604
81192
82510
65862
99046
85915
67831
81264
66556
69358
88920
82598
94201
68356
86664
66502
63369
80778
67681
93134
64042
85166
63730
86526
61069
79195
97971
73577
76402
75586
82031
68224
89353
90772
90643
72182
65681
67325
80761
66010
87987
90907
86039
74178
88304
69518
83056
99364
92494
98593
63585
89301
91307
94629
88400
83408
66003
74738
90023
84681
72374
83235
88318
74175
66072
81411
76273
74433
86592
81052
87708
77824
61772
82456
93191
69270
64495
64490
91385
64779
63289
94970
98953
62308
84470
65779
92401
79061
79708
60024
59308
92209
94566
62183
88361
89699
71510
